camera:
  type: monocular
  resolution:
    width: 1280
    height: 720
  intrinsics:
    fx: 1201.4509278543615
    fy: 1203.2988233103592
    cx: 663.5956421521473
    cy: 351.29517951317604
  distortion:
    k1: 0.18598496868415557
    k2: -1.0966947297950103
    p1: -0.0035822889730613462
    p2: 0.0036243188766863733
    k3: 2.609588623886681
  calibration_rms_error: 0.3532824034256869
